"chrom"	"start"	"end"	"pfam_id"	"domain_len"	"msa_pos"	"gene_symbol"	"hmc"
17	41197763	41197764	"PF00533"	477	476	"BRCA1"	1.332
17	41197764	41197765	"PF00533"	477	476	"BRCA1"	1.332
17	41197765	41197766	"PF00533"	477	476	"BRCA1"	1.332
17	41197766	41197767	"PF00533"	477	475	"BRCA1"	1.71
17	41197767	41197768	"PF00533"	477	475	"BRCA1"	1.71
17	41197768	41197769	"PF00533"	477	475	"BRCA1"	1.71
17	41197769	41197770	"PF00533"	477	474	"BRCA1"	1.739
17	41197770	41197771	"PF00533"	477	474	"BRCA1"	1.739
17	41197771	41197772	"PF00533"	477	474	"BRCA1"	1.739
17	41197773	41197774	"PF00533"	477	473	"BRCA1"	1.155
17	41197774	41197775	"PF00533"	477	473	"BRCA1"	1.155
17	41197775	41197776	"PF00533"	477	472	"BRCA1"	1.09
17	41197776	41197777	"PF00533"	477	472	"BRCA1"	1.09
17	41197777	41197778	"PF00533"	477	472	"BRCA1"	1.09
17	41197778	41197779	"PF00533"	477	471	"BRCA1"	1.82
17	41197779	41197780	"PF00533"	477	471	"BRCA1"	1.82
17	41197780	41197781	"PF00533"	477	471	"BRCA1"	1.82
17	41197782	41197783	"PF00533"	477	468	"BRCA1"	1.837
17	41197783	41197784	"PF00533"	477	468	"BRCA1"	1.837
17	41197785	41197786	"PF00533"	477	466	"BRCA1"	1.307
17	41197786	41197787	"PF00533"	477	466	"BRCA1"	1.307
17	41197788	41197789	"PF00533"	477	463	"BRCA1"	1.482
17	41197789	41197790	"PF00533"	477	463	"BRCA1"	1.482
17	41197791	41197792	"PF00533"	477	457	"BRCA1"	1.752
17	41197792	41197793	"PF00533"	477	457	"BRCA1"	1.752
17	41197794	41197795	"PF00533"	477	451	"BRCA1"	1.676
17	41197795	41197796	"PF00533"	477	451	"BRCA1"	1.676
17	41197797	41197798	"PF00533"	477	446	"BRCA1"	1.512
17	41197798	41197799	"PF00533"	477	446	"BRCA1"	1.512
17	41197799	41197800	"PF00533"	477	438	"BRCA1"	1.823
17	41197800	41197801	"PF00533"	477	438	"BRCA1"	1.823
17	41197801	41197802	"PF00533"	477	438	"BRCA1"	1.823
17	41197802	41197803	"PF00533"	477	428	"BRCA1"	1.859
17	41197803	41197804	"PF00533"	477	428	"BRCA1"	1.859
17	41197804	41197805	"PF00533"	477	428	"BRCA1"	1.859
17	41197805	41197806	"PF00533"	477	422	"BRCA1"	1.468
17	41197806	41197807	"PF00533"	477	422	"BRCA1"	1.468
17	41197807	41197808	"PF00533"	477	422	"BRCA1"	1.468
17	41197808	41197809	"PF00533"	477	413	"BRCA1"	1.65
17	41197809	41197810	"PF00533"	477	413	"BRCA1"	1.65
17	41197810	41197811	"PF00533"	477	413	"BRCA1"	1.65
17	41197812	41197813	"PF00533"	477	407	"BRCA1"	1.232
17	41197813	41197814	"PF00533"	477	407	"BRCA1"	1.232
17	41197814	41197815	"PF00533"	477	404	"BRCA1"	1.45
17	41197815	41197816	"PF00533"	477	404	"BRCA1"	1.45
17	41197816	41197817	"PF00533"	477	404	"BRCA1"	1.45
17	41197818	41197819	"PF00533"	477	401	"BRCA1"	1.893
17	41199659	41199660	"PF00533"	477	401	"BRCA1"	1.893
17	41199660	41199661	"PF00533"	477	397	"BRCA1"	1.87
17	41199661	41199662	"PF00533"	477	397	"BRCA1"	1.87
17	41199662	41199663	"PF00533"	477	397	"BRCA1"	1.87
17	41199663	41199664	"PF00533"	477	330	"BRCA1"	1.145
17	41199664	41199665	"PF00533"	477	330	"BRCA1"	1.145
17	41199665	41199666	"PF00533"	477	330	"BRCA1"	1.145
17	41199667	41199668	"PF00533"	477	329	"BRCA1"	1.499
17	41199668	41199669	"PF00533"	477	329	"BRCA1"	1.499
17	41199669	41199670	"PF00533"	477	327	"BRCA1"	1.376
17	41199670	41199671	"PF00533"	477	327	"BRCA1"	1.376
17	41199671	41199672	"PF00533"	477	327	"BRCA1"	1.376
17	41199672	41199673	"PF00533"	477	326	"BRCA1"	1.504
17	41199673	41199674	"PF00533"	477	326	"BRCA1"	1.504
17	41199674	41199675	"PF00533"	477	326	"BRCA1"	1.504
17	41199675	41199676	"PF00533"	477	325	"BRCA1"	1.423
17	41199676	41199677	"PF00533"	477	325	"BRCA1"	1.423
17	41199677	41199678	"PF00533"	477	325	"BRCA1"	1.423
17	41199691	41199692	"PF00533"	477	258	"BRCA1"	1.679
17	41199692	41199693	"PF00533"	477	258	"BRCA1"	1.679
17	41199693	41199694	"PF00533"	477	257	"BRCA1"	1.697
17	41199694	41199695	"PF00533"	477	257	"BRCA1"	1.697
17	41199695	41199696	"PF00533"	477	257	"BRCA1"	1.697
17	41199697	41199698	"PF00533"	477	256	"BRCA1"	1.534
17	41199698	41199699	"PF00533"	477	256	"BRCA1"	1.534
17	41199700	41199701	"PF00533"	477	255	"BRCA1"	1.199
17	41199701	41199702	"PF00533"	477	255	"BRCA1"	1.199
17	41199703	41199704	"PF00533"	477	246	"BRCA1"	1.356
17	41199704	41199705	"PF00533"	477	246	"BRCA1"	1.356
17	41199705	41199706	"PF00533"	477	245	"BRCA1"	1.503
17	41199706	41199707	"PF00533"	477	245	"BRCA1"	1.503
17	41199707	41199708	"PF00533"	477	245	"BRCA1"	1.503
17	41199709	41199710	"PF00533"	477	242	"BRCA1"	1.163
17	41199710	41199711	"PF00533"	477	242	"BRCA1"	1.163
17	41199711	41199712	"PF00533"	477	239	"BRCA1"	0.946
17	41199712	41199713	"PF00533"	477	239	"BRCA1"	0.946
17	41199713	41199714	"PF00533"	477	239	"BRCA1"	0.946
17	41199715	41199716	"PF00533"	477	234	"BRCA1"	1.506
17	41199716	41199717	"PF00533"	477	234	"BRCA1"	1.506
17	41199718	41199719	"PF00533"	477	229	"BRCA1"	1.504
17	41199719	41199720	"PF00533"	477	229	"BRCA1"	1.504
17	41201138	41201139	"PF00533"	477	225	"BRCA1"	1.577
17	41201139	41201140	"PF00533"	477	225	"BRCA1"	1.577
17	41201141	41201142	"PF00533"	477	222	"BRCA1"	1.71
17	41201142	41201143	"PF00533"	477	222	"BRCA1"	1.71
17	41201144	41201145	"PF00533"	477	217	"BRCA1"	1.759
17	41201145	41201146	"PF00533"	477	217	"BRCA1"	1.759
17	41201147	41201148	"PF00533"	477	216	"BRCA1"	1.59
17	41201148	41201149	"PF00533"	477	216	"BRCA1"	1.59
17	41201149	41201150	"PF00533"	477	213	"BRCA1"	1.123
17	41201150	41201151	"PF00533"	477	213	"BRCA1"	1.123
17	41201151	41201152	"PF00533"	477	213	"BRCA1"	1.123
17	41201153	41201154	"PF00533"	477	212	"BRCA1"	1.563
17	41201154	41201155	"PF00533"	477	212	"BRCA1"	1.563
17	41201171	41201172	"PF00533"	477	112	"BRCA1"	1.713
17	41201172	41201173	"PF00533"	477	112	"BRCA1"	1.713
17	41201174	41201175	"PF00533"	477	110	"BRCA1"	1.813
17	41201175	41201176	"PF00533"	477	110	"BRCA1"	1.813
17	41201177	41201178	"PF00533"	477	108	"BRCA1"	1.243
17	41201178	41201179	"PF00533"	477	108	"BRCA1"	1.243
17	41201180	41201181	"PF00533"	477	106	"BRCA1"	1.442
17	41201181	41201182	"PF00533"	477	106	"BRCA1"	1.442
17	41201182	41201183	"PF00533"	477	102	"BRCA1"	1.28
17	41201183	41201184	"PF00533"	477	102	"BRCA1"	1.28
17	41201184	41201185	"PF00533"	477	102	"BRCA1"	1.28
17	41201186	41201187	"PF00533"	477	100	"BRCA1"	1.856
17	41201187	41201188	"PF00533"	477	100	"BRCA1"	1.856
17	41201188	41201189	"PF00533"	477	97	"BRCA1"	1.825
17	41201189	41201190	"PF00533"	477	97	"BRCA1"	1.825
17	41201190	41201191	"PF00533"	477	97	"BRCA1"	1.825
17	41201192	41201193	"PF00533"	477	93	"BRCA1"	1.826
17	41201193	41201194	"PF00533"	477	93	"BRCA1"	1.826
17	41201194	41201195	"PF00533"	477	89	"BRCA1"	1.675
17	41201195	41201196	"PF00533"	477	89	"BRCA1"	1.675
17	41201196	41201197	"PF00533"	477	89	"BRCA1"	1.675
17	41201197	41201198	"PF00533"	477	88	"BRCA1"	1.75
17	41201198	41201199	"PF00533"	477	88	"BRCA1"	1.75
17	41201199	41201200	"PF00533"	477	88	"BRCA1"	1.75
17	41201200	41201201	"PF00533"	477	87	"BRCA1"	1.55
17	41201201	41201202	"PF00533"	477	87	"BRCA1"	1.55
17	41201202	41201203	"PF00533"	477	87	"BRCA1"	1.55
17	41201204	41201205	"PF00533"	477	66	"BRCA1"	1.85
17	41201205	41201206	"PF00533"	477	66	"BRCA1"	1.85
17	41201206	41201207	"PF00533"	477	65	"BRCA1"	1.94
17	41201207	41201208	"PF00533"	477	65	"BRCA1"	1.94
17	41201208	41201209	"PF00533"	477	65	"BRCA1"	1.94
17	41201209	41201210	"PF00533"	477	62	"BRCA1"	1.598
17	41201210	41201211	"PF00533"	477	62	"BRCA1"	1.598
17	41203079	41203080	"PF00533"	477	62	"BRCA1"	1.598
17	41203081	41203082	"PF00533"	477	59	"BRCA1"	1.717
17	41203082	41203083	"PF00533"	477	59	"BRCA1"	1.717
17	41203084	41203085	"PF00533"	477	54	"BRCA1"	1.88
17	41203085	41203086	"PF00533"	477	54	"BRCA1"	1.88
17	41203086	41203087	"PF00533"	477	48	"BRCA1"	1.261
17	41203087	41203088	"PF00533"	477	48	"BRCA1"	1.261
17	41203088	41203089	"PF00533"	477	48	"BRCA1"	1.261
17	41203089	41203090	"PF00533"	477	43	"BRCA1"	1.896
17	41203090	41203091	"PF00533"	477	43	"BRCA1"	1.896
17	41203091	41203092	"PF00533"	477	43	"BRCA1"	1.896
17	41203093	41203094	"PF00533"	477	40	"BRCA1"	1.737
17	41203094	41203095	"PF00533"	477	40	"BRCA1"	1.737
17	41203095	41203096	"PF00533"	477	36	"BRCA1"	1.801
17	41203096	41203097	"PF00533"	477	36	"BRCA1"	1.801
17	41203097	41203098	"PF00533"	477	36	"BRCA1"	1.801
17	41203099	41203100	"PF00533"	477	32	"BRCA1"	1.28
17	41203100	41203101	"PF00533"	477	32	"BRCA1"	1.28
17	41203102	41203103	"PF00533"	477	30	"BRCA1"	1.403
17	41203103	41203104	"PF00533"	477	30	"BRCA1"	1.403
17	41203107	41203108	"PF00533"	477	14	"BRCA1"	1.305
17	41203108	41203109	"PF00533"	477	14	"BRCA1"	1.305
17	41203109	41203110	"PF00533"	477	14	"BRCA1"	1.305
17	41203110	41203111	"PF00533"	477	13	"BRCA1"	1.571
17	41203111	41203112	"PF00533"	477	13	"BRCA1"	1.571
17	41203112	41203113	"PF00533"	477	13	"BRCA1"	1.571
17	41203113	41203114	"PF00533"	477	12	"BRCA1"	1.541
17	41203114	41203115	"PF00533"	477	12	"BRCA1"	1.541
17	41203115	41203116	"PF00533"	477	12	"BRCA1"	1.541
17	41203116	41203117	"PF00533"	477	11	"BRCA1"	1.642
17	41203117	41203118	"PF00533"	477	11	"BRCA1"	1.642
17	41203118	41203119	"PF00533"	477	11	"BRCA1"	1.642
17	41203120	41203121	"PF00533"	477	9	"BRCA1"	1.234
17	41203121	41203122	"PF00533"	477	9	"BRCA1"	1.234
17	41203123	41203124	"PF00533"	477	8	"BRCA1"	1.169
17	41203124	41203125	"PF00533"	477	8	"BRCA1"	1.169
17	41203125	41203126	"PF00533"	477	7	"BRCA1"	1.685
17	41203126	41203127	"PF00533"	477	7	"BRCA1"	1.685
17	41203127	41203128	"PF00533"	477	7	"BRCA1"	1.685
17	41203128	41203129	"PF00533"	477	6	"BRCA1"	1.578
17	41203129	41203130	"PF00533"	477	6	"BRCA1"	1.578
17	41203130	41203131	"PF00533"	477	6	"BRCA1"	1.578
17	41203131	41203132	"PF00533"	477	5	"BRCA1"	1.727
17	41203132	41203133	"PF00533"	477	5	"BRCA1"	1.727
17	41203133	41203134	"PF00533"	477	5	"BRCA1"	1.727
17	41209068	41209069	"PF00533"	477	4	"BRCA1"	1.889
17	41209069	41209070	"PF00533"	477	4	"BRCA1"	1.889
17	41209070	41209071	"PF00533"	477	4	"BRCA1"	1.889
17	41209071	41209072	"PF00533"	477	3	"BRCA1"	1.797
17	41209072	41209073	"PF00533"	477	3	"BRCA1"	1.797
17	41209073	41209074	"PF00533"	477	3	"BRCA1"	1.797
17	41215373	41215374	"PF00533"	477	477	"BRCA1"	1.354
17	41215374	41215375	"PF00533"	477	477	"BRCA1"	1.354
17	41215375	41215376	"PF00533"	477	477	"BRCA1"	1.354
17	41215377	41215378	"PF00533"	477	476	"BRCA1"	1.332
17	41215378	41215379	"PF00533"	477	476	"BRCA1"	1.332
17	41215379	41215380	"PF00533"	477	475	"BRCA1"	1.71
17	41215380	41215381	"PF00533"	477	475	"BRCA1"	1.71
17	41215381	41215382	"PF00533"	477	475	"BRCA1"	1.71
17	41215383	41215384	"PF00533"	477	474	"BRCA1"	1.739
17	41215384	41215385	"PF00533"	477	474	"BRCA1"	1.739
17	41215386	41215387	"PF00533"	477	473	"BRCA1"	1.155
17	41215387	41215388	"PF00533"	477	473	"BRCA1"	1.155
17	41215388	41215389	"PF00533"	477	472	"BRCA1"	1.09
17	41215389	41215390	"PF00533"	477	472	"BRCA1"	1.09
17	41215890	41215891	"PF00533"	477	472	"BRCA1"	1.09
17	41215891	41215892	"PF00533"	477	471	"BRCA1"	1.82
17	41215892	41215893	"PF00533"	477	471	"BRCA1"	1.82
17	41215893	41215894	"PF00533"	477	471	"BRCA1"	1.82
17	41215895	41215896	"PF00533"	477	468	"BRCA1"	1.837
17	41215896	41215897	"PF00533"	477	468	"BRCA1"	1.837
17	41215897	41215898	"PF00533"	477	466	"BRCA1"	1.307
17	41215898	41215899	"PF00533"	477	466	"BRCA1"	1.307
17	41215899	41215900	"PF00533"	477	466	"BRCA1"	1.307
17	41215901	41215902	"PF00533"	477	463	"BRCA1"	1.482
17	41215902	41215903	"PF00533"	477	463	"BRCA1"	1.482
17	41215904	41215905	"PF00533"	477	457	"BRCA1"	1.752
17	41215905	41215906	"PF00533"	477	457	"BRCA1"	1.752
17	41215906	41215907	"PF00533"	477	451	"BRCA1"	1.676
17	41215907	41215908	"PF00533"	477	451	"BRCA1"	1.676
17	41215908	41215909	"PF00533"	477	451	"BRCA1"	1.676
17	41215909	41215910	"PF00533"	477	446	"BRCA1"	1.512
17	41215910	41215911	"PF00533"	477	446	"BRCA1"	1.512
17	41215911	41215912	"PF00533"	477	446	"BRCA1"	1.512
17	41215913	41215914	"PF00533"	477	438	"BRCA1"	1.823
17	41215914	41215915	"PF00533"	477	438	"BRCA1"	1.823
17	41215916	41215917	"PF00533"	477	428	"BRCA1"	1.859
17	41215917	41215918	"PF00533"	477	428	"BRCA1"	1.859
17	41215919	41215920	"PF00533"	477	422	"BRCA1"	1.468
17	41215920	41215921	"PF00533"	477	422	"BRCA1"	1.468
17	41215921	41215922	"PF00533"	477	413	"BRCA1"	1.65
17	41215922	41215923	"PF00533"	477	413	"BRCA1"	1.65
17	41215923	41215924	"PF00533"	477	413	"BRCA1"	1.65
17	41215925	41215926	"PF00533"	477	407	"BRCA1"	1.232
17	41215926	41215927	"PF00533"	477	407	"BRCA1"	1.232
17	41215928	41215929	"PF00533"	477	404	"BRCA1"	1.45
17	41215929	41215930	"PF00533"	477	404	"BRCA1"	1.45
17	41215930	41215931	"PF00533"	477	401	"BRCA1"	1.893
17	41215931	41215932	"PF00533"	477	401	"BRCA1"	1.893
17	41215932	41215933	"PF00533"	477	401	"BRCA1"	1.893
17	41215934	41215935	"PF00533"	477	397	"BRCA1"	1.87
17	41215935	41215936	"PF00533"	477	397	"BRCA1"	1.87
17	41215936	41215937	"PF00533"	477	330	"BRCA1"	1.145
17	41215937	41215938	"PF00533"	477	330	"BRCA1"	1.145
17	41215938	41215939	"PF00533"	477	330	"BRCA1"	1.145
17	41215940	41215941	"PF00533"	477	329	"BRCA1"	1.499
17	41215941	41215942	"PF00533"	477	329	"BRCA1"	1.499
17	41215943	41215944	"PF00533"	477	327	"BRCA1"	1.376
17	41215944	41215945	"PF00533"	477	327	"BRCA1"	1.376
17	41215946	41215947	"PF00533"	477	326	"BRCA1"	1.504
17	41215947	41215948	"PF00533"	477	326	"BRCA1"	1.504
17	41215948	41215949	"PF00533"	477	325	"BRCA1"	1.423
17	41215949	41215950	"PF00533"	477	325	"BRCA1"	1.423
17	41215950	41215951	"PF00533"	477	325	"BRCA1"	1.423
17	41215966	41215967	"PF00533"	477	258	"BRCA1"	1.679
17	41215967	41215968	"PF00533"	477	258	"BRCA1"	1.679
17	41219624	41219625	"PF00533"	477	258	"BRCA1"	1.679
17	41219626	41219627	"PF00533"	477	257	"BRCA1"	1.697
17	41219627	41219628	"PF00533"	477	257	"BRCA1"	1.697
17	41219628	41219629	"PF00533"	477	256	"BRCA1"	1.534
17	41219629	41219630	"PF00533"	477	256	"BRCA1"	1.534
17	41219630	41219631	"PF00533"	477	256	"BRCA1"	1.534
17	41219631	41219632	"PF00533"	477	255	"BRCA1"	1.199
17	41219632	41219633	"PF00533"	477	255	"BRCA1"	1.199
17	41219633	41219634	"PF00533"	477	255	"BRCA1"	1.199
17	41219635	41219636	"PF00533"	477	246	"BRCA1"	1.356
17	41219636	41219637	"PF00533"	477	246	"BRCA1"	1.356
17	41219638	41219639	"PF00533"	477	245	"BRCA1"	1.503
17	41219639	41219640	"PF00533"	477	245	"BRCA1"	1.503
17	41219640	41219641	"PF00533"	477	242	"BRCA1"	1.163
17	41219641	41219642	"PF00533"	477	242	"BRCA1"	1.163
17	41219642	41219643	"PF00533"	477	242	"BRCA1"	1.163
17	41219644	41219645	"PF00533"	477	239	"BRCA1"	0.946
17	41219645	41219646	"PF00533"	477	239	"BRCA1"	0.946
17	41219647	41219648	"PF00533"	477	234	"BRCA1"	1.506
17	41219648	41219649	"PF00533"	477	234	"BRCA1"	1.506
17	41219649	41219650	"PF00533"	477	229	"BRCA1"	1.504
17	41219650	41219651	"PF00533"	477	229	"BRCA1"	1.504
17	41219651	41219652	"PF00533"	477	229	"BRCA1"	1.504
17	41219652	41219653	"PF00533"	477	225	"BRCA1"	1.577
17	41219653	41219654	"PF00533"	477	225	"BRCA1"	1.577
17	41219654	41219655	"PF00533"	477	225	"BRCA1"	1.577
17	41219656	41219657	"PF00533"	477	222	"BRCA1"	1.71
17	41219657	41219658	"PF00533"	477	222	"BRCA1"	1.71
17	41219658	41219659	"PF00533"	477	217	"BRCA1"	1.759
17	41219659	41219660	"PF00533"	477	217	"BRCA1"	1.759
17	41219660	41219661	"PF00533"	477	217	"BRCA1"	1.759
17	41219662	41219663	"PF00533"	477	216	"BRCA1"	1.59
17	41219663	41219664	"PF00533"	477	216	"BRCA1"	1.59
17	41219664	41219665	"PF00533"	477	213	"BRCA1"	1.123
17	41219665	41219666	"PF00533"	477	213	"BRCA1"	1.123
17	41219666	41219667	"PF00533"	477	213	"BRCA1"	1.123
17	41219668	41219669	"PF00533"	477	212	"BRCA1"	1.563
17	41219669	41219670	"PF00533"	477	212	"BRCA1"	1.563
17	41219670	41219671	"PF00533"	477	112	"BRCA1"	1.713
17	41219671	41219672	"PF00533"	477	112	"BRCA1"	1.713
17	41219672	41219673	"PF00533"	477	112	"BRCA1"	1.713
17	41219674	41219675	"PF00533"	477	110	"BRCA1"	1.813
17	41219675	41219676	"PF00533"	477	110	"BRCA1"	1.813
17	41219676	41219677	"PF00533"	477	108	"BRCA1"	1.243
17	41219677	41219678	"PF00533"	477	108	"BRCA1"	1.243
17	41219678	41219679	"PF00533"	477	108	"BRCA1"	1.243
17	41219679	41219680	"PF00533"	477	106	"BRCA1"	1.442
17	41219680	41219681	"PF00533"	477	106	"BRCA1"	1.442
17	41219681	41219682	"PF00533"	477	106	"BRCA1"	1.442
17	41219682	41219683	"PF00533"	477	102	"BRCA1"	1.28
17	41219683	41219684	"PF00533"	477	102	"BRCA1"	1.28
17	41219684	41219685	"PF00533"	477	102	"BRCA1"	1.28
17	41219685	41219686	"PF00533"	477	100	"BRCA1"	1.856
17	41219686	41219687	"PF00533"	477	100	"BRCA1"	1.856
17	41219687	41219688	"PF00533"	477	100	"BRCA1"	1.856
17	41219688	41219689	"PF00533"	477	97	"BRCA1"	1.825
17	41219689	41219690	"PF00533"	477	97	"BRCA1"	1.825
17	41219690	41219691	"PF00533"	477	97	"BRCA1"	1.825
17	41219692	41219693	"PF00533"	477	93	"BRCA1"	1.826
17	41219693	41219694	"PF00533"	477	93	"BRCA1"	1.826
17	41219694	41219695	"PF00533"	477	89	"BRCA1"	1.675
17	41219695	41219696	"PF00533"	477	89	"BRCA1"	1.675
17	41219696	41219697	"PF00533"	477	89	"BRCA1"	1.675
17	41219697	41219698	"PF00533"	477	88	"BRCA1"	1.75
17	41219698	41219699	"PF00533"	477	88	"BRCA1"	1.75
17	41219699	41219700	"PF00533"	477	88	"BRCA1"	1.75
17	41219701	41219702	"PF00533"	477	87	"BRCA1"	1.55
17	41219702	41219703	"PF00533"	477	87	"BRCA1"	1.55
17	41222944	41222945	"PF00533"	477	66	"BRCA1"	1.85
17	41222945	41222946	"PF00533"	477	66	"BRCA1"	1.85
17	41222946	41222947	"PF00533"	477	66	"BRCA1"	1.85
17	41222947	41222948	"PF00533"	477	65	"BRCA1"	1.94
17	41222948	41222949	"PF00533"	477	65	"BRCA1"	1.94
17	41222949	41222950	"PF00533"	477	65	"BRCA1"	1.94
17	41258474	41258475	"PF13920"	183	182	"BRCA1"	1.33
17	41258475	41258476	"PF13920"	183	182	"BRCA1"	1.33
17	41258476	41258477	"PF13920"	183	182	"BRCA1"	1.33
17	41258478	41258479	"PF13920"	183	181	"BRCA1"	1.505
17	41258479	41258480	"PF13920"	183	181	"BRCA1"	1.505
17	41258480	41258481	"PF13920"	183	180	"BRCA1"	0.786
17	41258481	41258482	"PF13920"	183	180	"BRCA1"	0.786
17	41258482	41258483	"PF13920"	183	180	"BRCA1"	0.786
17	41258483	41258484	"PF13920"	183	179	"BRCA1"	1.255
17	41258484	41258485	"PF13920"	183	179	"BRCA1"	1.255
17	41258485	41258486	"PF13920"	183	179	"BRCA1"	1.255
17	41258486	41258487	"PF13920"	183	178	"BRCA1"	1.087
17	41258487	41258488	"PF13920"	183	178	"BRCA1"	1.087
17	41258488	41258489	"PF13920"	183	178	"BRCA1"	1.087
17	41258489	41258490	"PF13920"	183	177	"BRCA1"	1.078
17	41258490	41258491	"PF13920"	183	177	"BRCA1"	1.078
17	41258491	41258492	"PF13920"	183	177	"BRCA1"	1.078
17	41258492	41258493	"PF00097"	220	220	"BRCA1"	0.637
17	41258492	41258493	"PF13920"	183	176	"BRCA1"	0.752
17	41258492	41258493	"PF13923"	261	261	"BRCA1"	0.616
17	41258493	41258494	"PF00097"	220	220	"BRCA1"	0.637
17	41258493	41258494	"PF13920"	183	176	"BRCA1"	0.752
17	41258493	41258494	"PF13923"	261	261	"BRCA1"	0.616
17	41258494	41258495	"PF00097"	220	220	"BRCA1"	0.637
17	41258494	41258495	"PF13920"	183	176	"BRCA1"	0.752
17	41258494	41258495	"PF13923"	261	261	"BRCA1"	0.616
17	41258495	41258496	"PF00097"	220	219	"BRCA1"	1.277
17	41258495	41258496	"PF13920"	183	172	"BRCA1"	1.286
17	41258495	41258496	"PF13923"	261	260	"BRCA1"	1.24
17	41258496	41258497	"PF00097"	220	219	"BRCA1"	1.277
17	41258496	41258497	"PF13920"	183	172	"BRCA1"	1.286
17	41258496	41258497	"PF13923"	261	260	"BRCA1"	1.24
17	41258497	41258498	"PF00097"	220	219	"BRCA1"	1.277
17	41258497	41258498	"PF13920"	183	172	"BRCA1"	1.286
17	41258497	41258498	"PF13923"	261	260	"BRCA1"	1.24
17	41258499	41258500	"PF00097"	220	218	"BRCA1"	0.808
17	41258499	41258500	"PF13445"	207	207	"BRCA1"	0.879
17	41258499	41258500	"PF13920"	183	171	"BRCA1"	0.95
17	41258499	41258500	"PF13923"	261	259	"BRCA1"	0.769
17	41258500	41258501	"PF00097"	220	218	"BRCA1"	0.808
17	41258500	41258501	"PF13445"	207	207	"BRCA1"	0.879
17	41258500	41258501	"PF13920"	183	171	"BRCA1"	0.95
17	41258500	41258501	"PF13923"	261	259	"BRCA1"	0.769
17	41258501	41258502	"PF00097"	220	217	"BRCA1"	0.684
17	41258501	41258502	"PF13445"	207	206	"BRCA1"	0.865
17	41258501	41258502	"PF13920"	183	168	"BRCA1"	0.788
17	41258501	41258502	"PF13923"	261	256	"BRCA1"	0.604
17	41258502	41258503	"PF00097"	220	217	"BRCA1"	0.684
17	41258502	41258503	"PF13445"	207	206	"BRCA1"	0.865
17	41258502	41258503	"PF13920"	183	168	"BRCA1"	0.788
17	41258502	41258503	"PF13923"	261	256	"BRCA1"	0.604
17	41258503	41258504	"PF00097"	220	217	"BRCA1"	0.684
17	41258503	41258504	"PF13445"	207	206	"BRCA1"	0.865
17	41258503	41258504	"PF13920"	183	168	"BRCA1"	0.788
17	41258503	41258504	"PF13923"	261	256	"BRCA1"	0.604
17	41258504	41258505	"PF00097"	220	210	"BRCA1"	1.14
17	41258504	41258505	"PF13445"	207	205	"BRCA1"	1.185
17	41258504	41258505	"PF13920"	183	163	"BRCA1"	1.247
17	41258504	41258505	"PF13923"	261	247	"BRCA1"	1.17
17	41258505	41258506	"PF00097"	220	210	"BRCA1"	1.14
17	41258505	41258506	"PF13445"	207	205	"BRCA1"	1.185
17	41258505	41258506	"PF13920"	183	163	"BRCA1"	1.247
17	41258505	41258506	"PF13923"	261	247	"BRCA1"	1.17
17	41258506	41258507	"PF00097"	220	210	"BRCA1"	1.14
17	41258506	41258507	"PF13445"	207	205	"BRCA1"	1.185
17	41258506	41258507	"PF13920"	183	163	"BRCA1"	1.247
17	41258506	41258507	"PF13923"	261	247	"BRCA1"	1.17
17	41258508	41258509	"PF00097"	220	209	"BRCA1"	0.974
17	41258508	41258509	"PF13445"	207	203	"BRCA1"	1.168
17	41258508	41258509	"PF13920"	183	162	"BRCA1"	1.149
17	41258508	41258509	"PF13923"	261	246	"BRCA1"	1.404
17	41258509	41258510	"PF00097"	220	209	"BRCA1"	0.974
17	41258509	41258510	"PF13445"	207	203	"BRCA1"	1.168
17	41258509	41258510	"PF13920"	183	162	"BRCA1"	1.149
17	41258509	41258510	"PF13923"	261	246	"BRCA1"	1.404
17	41258511	41258512	"PF00097"	220	207	"BRCA1"	1.162
17	41258511	41258512	"PF13445"	207	202	"BRCA1"	1.256
17	41258511	41258512	"PF13920"	183	161	"BRCA1"	1.221
17	41258512	41258513	"PF00097"	220	207	"BRCA1"	1.162
17	41258512	41258513	"PF13445"	207	202	"BRCA1"	1.256
17	41258512	41258513	"PF13920"	183	161	"BRCA1"	1.221
17	41258514	41258515	"PF00097"	220	206	"BRCA1"	1.136
17	41258514	41258515	"PF13445"	207	201	"BRCA1"	1.458
17	41258514	41258515	"PF13920"	183	160	"BRCA1"	1.249
17	41258514	41258515	"PF13923"	261	241	"BRCA1"	1.826
17	41258515	41258516	"PF00097"	220	206	"BRCA1"	1.136
17	41258515	41258516	"PF13445"	207	201	"BRCA1"	1.458
17	41258515	41258516	"PF13920"	183	160	"BRCA1"	1.249
17	41258515	41258516	"PF13923"	261	241	"BRCA1"	1.826
17	41258516	41258517	"PF00097"	220	205	"BRCA1"	1.471
17	41258516	41258517	"PF13445"	207	200	"BRCA1"	1.225
17	41258516	41258517	"PF13920"	183	159	"BRCA1"	1.393
17	41258516	41258517	"PF13923"	261	240	"BRCA1"	1.111
17	41258517	41258518	"PF00097"	220	205	"BRCA1"	1.471
17	41258517	41258518	"PF13445"	207	200	"BRCA1"	1.225
17	41258517	41258518	"PF13920"	183	159	"BRCA1"	1.393
17	41258517	41258518	"PF13923"	261	240	"BRCA1"	1.111
17	41258518	41258519	"PF00097"	220	205	"BRCA1"	1.471
17	41258518	41258519	"PF13445"	207	200	"BRCA1"	1.225
17	41258518	41258519	"PF13920"	183	159	"BRCA1"	1.393
17	41258518	41258519	"PF13923"	261	240	"BRCA1"	1.111
17	41258519	41258520	"PF00097"	220	204	"BRCA1"	1.493
17	41258519	41258520	"PF13445"	207	199	"BRCA1"	1.36
17	41258519	41258520	"PF13920"	183	158	"BRCA1"	1.935
17	41258519	41258520	"PF13923"	261	231	"BRCA1"	1.211
17	41258520	41258521	"PF00097"	220	204	"BRCA1"	1.493
17	41258520	41258521	"PF13445"	207	199	"BRCA1"	1.36
17	41258520	41258521	"PF13920"	183	158	"BRCA1"	1.935
17	41258520	41258521	"PF13923"	261	231	"BRCA1"	1.211
17	41258521	41258522	"PF00097"	220	204	"BRCA1"	1.493
17	41258521	41258522	"PF13445"	207	199	"BRCA1"	1.36
17	41258521	41258522	"PF13920"	183	158	"BRCA1"	1.935
17	41258521	41258522	"PF13923"	261	231	"BRCA1"	1.211
17	41258522	41258523	"PF00097"	220	176	"BRCA1"	1.031
17	41258522	41258523	"PF13445"	207	197	"BRCA1"	1.082
17	41258522	41258523	"PF13920"	183	139	"BRCA1"	1.052
17	41258522	41258523	"PF13923"	261	220	"BRCA1"	1.284
17	41258523	41258524	"PF00097"	220	176	"BRCA1"	1.031
17	41258523	41258524	"PF13445"	207	197	"BRCA1"	1.082
17	41258523	41258524	"PF13920"	183	139	"BRCA1"	1.052
17	41258523	41258524	"PF13923"	261	220	"BRCA1"	1.284
17	41258524	41258525	"PF00097"	220	176	"BRCA1"	1.031
17	41258524	41258525	"PF13445"	207	197	"BRCA1"	1.082
17	41258524	41258525	"PF13920"	183	139	"BRCA1"	1.052
17	41258524	41258525	"PF13923"	261	220	"BRCA1"	1.284
17	41258525	41258526	"PF00097"	220	175	"BRCA1"	1.104
17	41258525	41258526	"PF13445"	207	195	"BRCA1"	1.099
17	41258525	41258526	"PF13920"	183	138	"BRCA1"	1.304
17	41258525	41258526	"PF13923"	261	209	"BRCA1"	1.139
17	41258526	41258527	"PF00097"	220	175	"BRCA1"	1.104
17	41258526	41258527	"PF13445"	207	195	"BRCA1"	1.099
17	41258526	41258527	"PF13920"	183	138	"BRCA1"	1.304
17	41258526	41258527	"PF13923"	261	209	"BRCA1"	1.139
17	41258527	41258528	"PF00097"	220	175	"BRCA1"	1.104
17	41258527	41258528	"PF13445"	207	195	"BRCA1"	1.099
17	41258527	41258528	"PF13920"	183	138	"BRCA1"	1.304
17	41258527	41258528	"PF13923"	261	209	"BRCA1"	1.139
17	41258529	41258530	"PF00097"	220	174	"BRCA1"	0.897
17	41258529	41258530	"PF13445"	207	194	"BRCA1"	1.324
17	41258529	41258530	"PF13920"	183	136	"BRCA1"	0.821
17	41258529	41258530	"PF13923"	261	197	"BRCA1"	0.986
17	41258530	41258531	"PF00097"	220	174	"BRCA1"	0.897
17	41258530	41258531	"PF13445"	207	194	"BRCA1"	1.324
17	41258530	41258531	"PF13920"	183	136	"BRCA1"	0.821
17	41258530	41258531	"PF13923"	261	197	"BRCA1"	0.986
17	41258532	41258533	"PF00097"	220	173	"BRCA1"	0.812
17	41258532	41258533	"PF13445"	207	192	"BRCA1"	1.484
17	41258532	41258533	"PF13920"	183	135	"BRCA1"	0.789
17	41258532	41258533	"PF13923"	261	188	"BRCA1"	0.716
17	41258533	41258534	"PF00097"	220	173	"BRCA1"	0.812
17	41258533	41258534	"PF13445"	207	192	"BRCA1"	1.484
17	41258533	41258534	"PF13920"	183	135	"BRCA1"	0.789
17	41258533	41258534	"PF13923"	261	188	"BRCA1"	0.716
17	41258534	41258535	"PF00097"	220	170	"BRCA1"	1.033
17	41258534	41258535	"PF13445"	207	191	"BRCA1"	1.122
17	41258534	41258535	"PF13920"	183	132	"BRCA1"	0.882
17	41258534	41258535	"PF13923"	261	181	"BRCA1"	1.112
17	41258535	41258536	"PF00097"	220	170	"BRCA1"	1.033
17	41258535	41258536	"PF13445"	207	191	"BRCA1"	1.122
17	41258535	41258536	"PF13920"	183	132	"BRCA1"	0.882
17	41258535	41258536	"PF13923"	261	181	"BRCA1"	1.112
17	41258536	41258537	"PF00097"	220	170	"BRCA1"	1.033
17	41258536	41258537	"PF13445"	207	191	"BRCA1"	1.122
17	41258536	41258537	"PF13920"	183	132	"BRCA1"	0.882
17	41258536	41258537	"PF13923"	261	181	"BRCA1"	1.112
17	41258538	41258539	"PF00097"	220	167	"BRCA1"	1.059
17	41258538	41258539	"PF13445"	207	190	"BRCA1"	0.816
17	41258538	41258539	"PF13920"	183	130	"BRCA1"	1.116
17	41258538	41258539	"PF13923"	261	172	"BRCA1"	1.047
17	41258539	41258540	"PF00097"	220	167	"BRCA1"	1.059
17	41258539	41258540	"PF13445"	207	190	"BRCA1"	0.816
17	41258539	41258540	"PF13920"	183	130	"BRCA1"	1.116
17	41258539	41258540	"PF13923"	261	172	"BRCA1"	1.047
17	41258540	41258541	"PF00097"	220	161	"BRCA1"	0.938
17	41258540	41258541	"PF13445"	207	134	"BRCA1"	1.161
17	41258540	41258541	"PF13920"	183	128	"BRCA1"	1.055
17	41258540	41258541	"PF13923"	261	161	"BRCA1"	0.942
17	41258541	41258542	"PF00097"	220	161	"BRCA1"	0.938
17	41258541	41258542	"PF13445"	207	134	"BRCA1"	1.161
17	41258541	41258542	"PF13920"	183	128	"BRCA1"	1.055
17	41258541	41258542	"PF13923"	261	161	"BRCA1"	0.942
17	41258542	41258543	"PF00097"	220	161	"BRCA1"	0.938
17	41258542	41258543	"PF13445"	207	134	"BRCA1"	1.161
17	41258542	41258543	"PF13920"	183	128	"BRCA1"	1.055
17	41258542	41258543	"PF13923"	261	161	"BRCA1"	0.942
17	41258543	41258544	"PF00097"	220	155	"BRCA1"	0.764
17	41258543	41258544	"PF13445"	207	133	"BRCA1"	0.822
17	41258543	41258544	"PF13920"	183	127	"BRCA1"	0.843
17	41258543	41258544	"PF13923"	261	156	"BRCA1"	0.758
17	41258544	41258545	"PF00097"	220	155	"BRCA1"	0.764
17	41258544	41258545	"PF13445"	207	133	"BRCA1"	0.822
17	41258544	41258545	"PF13920"	183	127	"BRCA1"	0.843
17	41258544	41258545	"PF13923"	261	156	"BRCA1"	0.758
17	41258545	41258546	"PF00097"	220	155	"BRCA1"	0.764
17	41258545	41258546	"PF13445"	207	133	"BRCA1"	0.822
17	41258545	41258546	"PF13920"	183	127	"BRCA1"	0.843
17	41258545	41258546	"PF13923"	261	156	"BRCA1"	0.758
17	41258546	41258547	"PF00097"	220	144	"BRCA1"	1.193
17	41258546	41258547	"PF13445"	207	132	"BRCA1"	1.362
17	41258546	41258547	"PF13920"	183	120	"BRCA1"	1.331
17	41258546	41258547	"PF13923"	261	154	"BRCA1"	1.373
17	41258547	41258548	"PF00097"	220	144	"BRCA1"	1.193
17	41258547	41258548	"PF13445"	207	132	"BRCA1"	1.362
17	41258547	41258548	"PF13920"	183	120	"BRCA1"	1.331
17	41258547	41258548	"PF13923"	261	154	"BRCA1"	1.373
17	41258548	41258549	"PF00097"	220	144	"BRCA1"	1.193
17	41258548	41258549	"PF13445"	207	132	"BRCA1"	1.362
17	41258548	41258549	"PF13920"	183	120	"BRCA1"	1.331
17	41258548	41258549	"PF13923"	261	154	"BRCA1"	1.373
17	41258549	41258550	"PF00097"	220	137	"BRCA1"	1.181
17	41258549	41258550	"PF13445"	207	129	"BRCA1"	1.356
17	41258549	41258550	"PF13920"	183	110	"BRCA1"	1.206
17	41258549	41258550	"PF13923"	261	149	"BRCA1"	1.153
17	41267742	41267743	"PF00097"	220	137	"BRCA1"	1.181
17	41267742	41267743	"PF13445"	207	129	"BRCA1"	1.356
17	41267742	41267743	"PF13920"	183	110	"BRCA1"	1.206
17	41267742	41267743	"PF13923"	261	149	"BRCA1"	1.153
17	41267743	41267744	"PF00097"	220	137	"BRCA1"	1.181
17	41267743	41267744	"PF13445"	207	129	"BRCA1"	1.356
17	41267743	41267744	"PF13920"	183	110	"BRCA1"	1.206
17	41267743	41267744	"PF13923"	261	149	"BRCA1"	1.153
17	41267744	41267745	"PF00097"	220	129	"BRCA1"	0.675
17	41267744	41267745	"PF13445"	207	127	"BRCA1"	0.723
17	41267744	41267745	"PF13920"	183	102	"BRCA1"	0.584
17	41267744	41267745	"PF13923"	261	144	"BRCA1"	0.741
17	41267745	41267746	"PF00097"	220	129	"BRCA1"	0.675
17	41267745	41267746	"PF13445"	207	127	"BRCA1"	0.723
17	41267745	41267746	"PF13920"	183	102	"BRCA1"	0.584
17	41267745	41267746	"PF13923"	261	144	"BRCA1"	0.741
17	41267746	41267747	"PF00097"	220	129	"BRCA1"	0.675
17	41267746	41267747	"PF13445"	207	127	"BRCA1"	0.723
17	41267746	41267747	"PF13920"	183	102	"BRCA1"	0.584
17	41267746	41267747	"PF13923"	261	144	"BRCA1"	0.741
17	41267747	41267748	"PF00097"	220	127	"BRCA1"	0.872
17	41267747	41267748	"PF13445"	207	126	"BRCA1"	0.96
17	41267747	41267748	"PF13920"	183	100	"BRCA1"	0.849
17	41267747	41267748	"PF13923"	261	140	"BRCA1"	0.907
17	41267748	41267749	"PF00097"	220	127	"BRCA1"	0.872
17	41267748	41267749	"PF13445"	207	126	"BRCA1"	0.96
17	41267748	41267749	"PF13920"	183	100	"BRCA1"	0.849
17	41267748	41267749	"PF13923"	261	140	"BRCA1"	0.907
17	41267749	41267750	"PF00097"	220	127	"BRCA1"	0.872
17	41267749	41267750	"PF13445"	207	126	"BRCA1"	0.96
17	41267749	41267750	"PF13920"	183	100	"BRCA1"	0.849
17	41267749	41267750	"PF13923"	261	140	"BRCA1"	0.907
17	41267750	41267751	"PF00097"	220	122	"BRCA1"	0.932
17	41267750	41267751	"PF13445"	207	124	"BRCA1"	0.869
17	41267750	41267751	"PF13920"	183	93	"BRCA1"	0.858
17	41267750	41267751	"PF13923"	261	132	"BRCA1"	0.996
17	41267751	41267752	"PF00097"	220	122	"BRCA1"	0.932
17	41267751	41267752	"PF13445"	207	124	"BRCA1"	0.869
17	41267751	41267752	"PF13920"	183	93	"BRCA1"	0.858
17	41267751	41267752	"PF13923"	261	132	"BRCA1"	0.996
17	41267752	41267753	"PF00097"	220	122	"BRCA1"	0.932
17	41267752	41267753	"PF13445"	207	124	"BRCA1"	0.869
17	41267752	41267753	"PF13920"	183	93	"BRCA1"	0.858
17	41267752	41267753	"PF13923"	261	132	"BRCA1"	0.996
17	41267753	41267754	"PF00097"	220	116	"BRCA1"	0.666
17	41267753	41267754	"PF13445"	207	122	"BRCA1"	0.77
17	41267753	41267754	"PF13920"	183	91	"BRCA1"	0.502
17	41267753	41267754	"PF13923"	261	123	"BRCA1"	0.678
17	41267754	41267755	"PF00097"	220	116	"BRCA1"	0.666
17	41267754	41267755	"PF13445"	207	122	"BRCA1"	0.77
17	41267754	41267755	"PF13920"	183	91	"BRCA1"	0.502
17	41267754	41267755	"PF13923"	261	123	"BRCA1"	0.678
17	41267755	41267756	"PF00097"	220	116	"BRCA1"	0.666
17	41267755	41267756	"PF13445"	207	122	"BRCA1"	0.77
17	41267755	41267756	"PF13920"	183	91	"BRCA1"	0.502
17	41267755	41267756	"PF13923"	261	123	"BRCA1"	0.678
17	41267756	41267757	"PF00097"	220	107	"BRCA1"	1.099
17	41267756	41267757	"PF13445"	207	109	"BRCA1"	1.11
17	41267756	41267757	"PF13920"	183	87	"BRCA1"	1.063
17	41267756	41267757	"PF13923"	261	114	"BRCA1"	1.223
17	41267757	41267758	"PF00097"	220	107	"BRCA1"	1.099
17	41267757	41267758	"PF13445"	207	109	"BRCA1"	1.11
17	41267757	41267758	"PF13920"	183	87	"BRCA1"	1.063
17	41267757	41267758	"PF13923"	261	114	"BRCA1"	1.223
17	41267758	41267759	"PF00097"	220	107	"BRCA1"	1.099
17	41267758	41267759	"PF13445"	207	109	"BRCA1"	1.11
17	41267758	41267759	"PF13920"	183	87	"BRCA1"	1.063
17	41267758	41267759	"PF13923"	261	114	"BRCA1"	1.223
17	41267759	41267760	"PF00097"	220	99	"BRCA1"	0.607
17	41267759	41267760	"PF13445"	207	106	"BRCA1"	0.731
17	41267759	41267760	"PF13920"	183	79	"BRCA1"	0.567
17	41267759	41267760	"PF13923"	261	106	"BRCA1"	0.587
17	41267760	41267761	"PF00097"	220	99	"BRCA1"	0.607
17	41267760	41267761	"PF13445"	207	106	"BRCA1"	0.731
17	41267760	41267761	"PF13920"	183	79	"BRCA1"	0.567
17	41267760	41267761	"PF13923"	261	106	"BRCA1"	0.587
17	41267761	41267762	"PF00097"	220	99	"BRCA1"	0.607
17	41267761	41267762	"PF13445"	207	106	"BRCA1"	0.731
17	41267761	41267762	"PF13920"	183	79	"BRCA1"	0.567
17	41267761	41267762	"PF13923"	261	106	"BRCA1"	0.587
17	41267762	41267763	"PF00097"	220	97	"BRCA1"	1.039
17	41267762	41267763	"PF13445"	207	80	"BRCA1"	1.175
17	41267762	41267763	"PF13920"	183	63	"BRCA1"	1.102
17	41267762	41267763	"PF13923"	261	105	"BRCA1"	1.008
17	41267763	41267764	"PF00097"	220	97	"BRCA1"	1.039
17	41267763	41267764	"PF13445"	207	80	"BRCA1"	1.175
17	41267763	41267764	"PF13920"	183	63	"BRCA1"	1.102
17	41267763	41267764	"PF13923"	261	105	"BRCA1"	1.008
17	41267764	41267765	"PF00097"	220	97	"BRCA1"	1.039
17	41267764	41267765	"PF13445"	207	80	"BRCA1"	1.175
17	41267764	41267765	"PF13920"	183	63	"BRCA1"	1.102
17	41267764	41267765	"PF13923"	261	105	"BRCA1"	1.008
17	41267766	41267767	"PF00097"	220	94	"BRCA1"	0.874
17	41267766	41267767	"PF13445"	207	77	"BRCA1"	1.006
17	41267766	41267767	"PF13920"	183	57	"BRCA1"	0.97
17	41267766	41267767	"PF13923"	261	91	"BRCA1"	1.008
17	41267767	41267768	"PF00097"	220	94	"BRCA1"	0.874
17	41267767	41267768	"PF13445"	207	77	"BRCA1"	1.006
17	41267767	41267768	"PF13920"	183	57	"BRCA1"	0.97
17	41267767	41267768	"PF13923"	261	91	"BRCA1"	1.008
17	41267769	41267770	"PF00097"	220	93	"BRCA1"	1.025
17	41267769	41267770	"PF13445"	207	76	"BRCA1"	1.163
17	41267769	41267770	"PF13920"	183	52	"BRCA1"	0.854
17	41267769	41267770	"PF13923"	261	90	"BRCA1"	1.075
17	41267770	41267771	"PF00097"	220	93	"BRCA1"	1.025
17	41267770	41267771	"PF13445"	207	76	"BRCA1"	1.163
17	41267770	41267771	"PF13920"	183	52	"BRCA1"	0.854
17	41267770	41267771	"PF13923"	261	90	"BRCA1"	1.075
17	41267772	41267773	"PF00097"	220	33	"BRCA1"	1.177
17	41267772	41267773	"PF13445"	207	73	"BRCA1"	1.162
17	41267772	41267773	"PF13920"	183	48	"BRCA1"	1.173
17	41267772	41267773	"PF13923"	261	85	"BRCA1"	1.053
17	41267773	41267774	"PF00097"	220	33	"BRCA1"	1.177
17	41267773	41267774	"PF13445"	207	73	"BRCA1"	1.162
17	41267773	41267774	"PF13920"	183	48	"BRCA1"	1.173
17	41267773	41267774	"PF13923"	261	85	"BRCA1"	1.053
17	41267775	41267776	"PF00097"	220	32	"BRCA1"	0.967
17	41267775	41267776	"PF13445"	207	59	"BRCA1"	0.932
17	41267775	41267776	"PF13920"	183	43	"BRCA1"	0.93
17	41267775	41267776	"PF13923"	261	66	"BRCA1"	0.921
17	41267776	41267777	"PF00097"	220	32	"BRCA1"	0.967
17	41267776	41267777	"PF13445"	207	59	"BRCA1"	0.932
17	41267776	41267777	"PF13920"	183	43	"BRCA1"	0.93
17	41267776	41267777	"PF13923"	261	66	"BRCA1"	0.921
17	41267777	41267778	"PF00097"	220	31	"BRCA1"	1.098
17	41267777	41267778	"PF13445"	207	58	"BRCA1"	1.248
17	41267777	41267778	"PF13920"	183	36	"BRCA1"	1.036
17	41267777	41267778	"PF13923"	261	55	"BRCA1"	0.973
17	41267778	41267779	"PF00097"	220	31	"BRCA1"	1.098
17	41267778	41267779	"PF13445"	207	58	"BRCA1"	1.248
17	41267778	41267779	"PF13920"	183	36	"BRCA1"	1.036
17	41267778	41267779	"PF13923"	261	55	"BRCA1"	0.973
17	41267779	41267780	"PF00097"	220	31	"BRCA1"	1.098
17	41267779	41267780	"PF13445"	207	58	"BRCA1"	1.248
17	41267779	41267780	"PF13920"	183	36	"BRCA1"	1.036
17	41267779	41267780	"PF13923"	261	55	"BRCA1"	0.973
17	41267780	41267781	"PF00097"	220	28	"BRCA1"	1.192
17	41267780	41267781	"PF13445"	207	17	"BRCA1"	1.275
17	41267780	41267781	"PF13920"	183	35	"BRCA1"	1.089
17	41267780	41267781	"PF13923"	261	46	"BRCA1"	1.084
17	41267781	41267782	"PF00097"	220	28	"BRCA1"	1.192
17	41267781	41267782	"PF13445"	207	17	"BRCA1"	1.275
17	41267781	41267782	"PF13920"	183	35	"BRCA1"	1.089
17	41267781	41267782	"PF13923"	261	46	"BRCA1"	1.084
17	41267782	41267783	"PF00097"	220	28	"BRCA1"	1.192
17	41267782	41267783	"PF13445"	207	17	"BRCA1"	1.275
17	41267782	41267783	"PF13920"	183	35	"BRCA1"	1.089
17	41267782	41267783	"PF13923"	261	46	"BRCA1"	1.084
17	41267783	41267784	"PF00097"	220	24	"BRCA1"	1.138
17	41267783	41267784	"PF13445"	207	16	"BRCA1"	1.066
17	41267783	41267784	"PF13920"	183	34	"BRCA1"	1.231
17	41267783	41267784	"PF13923"	261	35	"BRCA1"	1.289
17	41267784	41267785	"PF00097"	220	24	"BRCA1"	1.138
17	41267784	41267785	"PF13445"	207	16	"BRCA1"	1.066
17	41267784	41267785	"PF13920"	183	34	"BRCA1"	1.231
17	41267784	41267785	"PF13923"	261	35	"BRCA1"	1.289
17	41267785	41267786	"PF00097"	220	24	"BRCA1"	1.138
17	41267785	41267786	"PF13445"	207	16	"BRCA1"	1.066
17	41267785	41267786	"PF13920"	183	34	"BRCA1"	1.231
17	41267785	41267786	"PF13923"	261	35	"BRCA1"	1.289
17	41267786	41267787	"PF00097"	220	20	"BRCA1"	1.29
17	41267786	41267787	"PF13445"	207	15	"BRCA1"	1.259
17	41267786	41267787	"PF13920"	183	24	"BRCA1"	1.402
17	41267786	41267787	"PF13923"	261	28	"BRCA1"	1.324
17	41267787	41267788	"PF00097"	220	20	"BRCA1"	1.29
17	41267787	41267788	"PF13445"	207	15	"BRCA1"	1.259
17	41267787	41267788	"PF13920"	183	24	"BRCA1"	1.402
17	41267787	41267788	"PF13923"	261	28	"BRCA1"	1.324
17	41267788	41267789	"PF00097"	220	20	"BRCA1"	1.29
17	41267788	41267789	"PF13445"	207	15	"BRCA1"	1.259
17	41267788	41267789	"PF13920"	183	24	"BRCA1"	1.402
17	41267788	41267789	"PF13923"	261	28	"BRCA1"	1.324
17	41267789	41267790	"PF00097"	220	14	"BRCA1"	1.104
17	41267789	41267790	"PF13445"	207	8	"BRCA1"	1.177
17	41267789	41267790	"PF13920"	183	11	"BRCA1"	1.153
17	41267789	41267790	"PF13923"	261	20	"BRCA1"	1.081
17	41267790	41267791	"PF00097"	220	14	"BRCA1"	1.104
17	41267790	41267791	"PF13445"	207	8	"BRCA1"	1.177
17	41267790	41267791	"PF13920"	183	11	"BRCA1"	1.153
17	41267790	41267791	"PF13923"	261	20	"BRCA1"	1.081
17	41267791	41267792	"PF00097"	220	14	"BRCA1"	1.104
17	41267791	41267792	"PF13445"	207	8	"BRCA1"	1.177
17	41267791	41267792	"PF13920"	183	11	"BRCA1"	1.153
17	41267791	41267792	"PF13923"	261	20	"BRCA1"	1.081
17	41267793	41267794	"PF00097"	220	8	"BRCA1"	1.102
17	41267793	41267794	"PF13445"	207	5	"BRCA1"	1.36
17	41267793	41267794	"PF13920"	183	10	"BRCA1"	1.156
17	41267793	41267794	"PF13923"	261	10	"BRCA1"	1.209
17	41267794	41267795	"PF00097"	220	8	"BRCA1"	1.102
17	41267794	41267795	"PF13445"	207	5	"BRCA1"	1.36
17	41267794	41267795	"PF13920"	183	10	"BRCA1"	1.156
17	41267794	41267795	"PF13923"	261	10	"BRCA1"	1.209
17	41267795	41267796	"PF00097"	220	4	"BRCA1"	0.762
17	41267795	41267796	"PF13445"	207	4	"BRCA1"	0.842
17	41267795	41267796	"PF13920"	183	9	"BRCA1"	0.663
17	41267795	41267796	"PF13923"	261	5	"BRCA1"	0.851
17	41276033	41276034	"PF00097"	220	4	"BRCA1"	0.762
17	41276033	41276034	"PF13445"	207	4	"BRCA1"	0.842
17	41276033	41276034	"PF13920"	183	9	"BRCA1"	0.663
17	41276033	41276034	"PF13923"	261	5	"BRCA1"	0.851
17	41276034	41276035	"PF00097"	220	4	"BRCA1"	0.762
17	41276034	41276035	"PF13445"	207	4	"BRCA1"	0.842
17	41276034	41276035	"PF13920"	183	9	"BRCA1"	0.663
17	41276034	41276035	"PF13923"	261	5	"BRCA1"	0.851
17	41276035	41276036	"PF00097"	220	3	"BRCA1"	1.175
17	41276035	41276036	"PF13445"	207	3	"BRCA1"	1.334
17	41276035	41276036	"PF13920"	183	8	"BRCA1"	1.064
17	41276035	41276036	"PF13923"	261	4	"BRCA1"	1.06
17	41276036	41276037	"PF00097"	220	3	"BRCA1"	1.175
17	41276036	41276037	"PF13445"	207	3	"BRCA1"	1.334
17	41276036	41276037	"PF13920"	183	8	"BRCA1"	1.064
17	41276036	41276037	"PF13923"	261	4	"BRCA1"	1.06
17	41276037	41276038	"PF00097"	220	3	"BRCA1"	1.175
17	41276037	41276038	"PF13445"	207	3	"BRCA1"	1.334
17	41276037	41276038	"PF13920"	183	8	"BRCA1"	1.064
17	41276037	41276038	"PF13923"	261	4	"BRCA1"	1.06
17	41276039	41276040	"PF00097"	220	2	"BRCA1"	1.191
17	41276039	41276040	"PF13445"	207	2	"BRCA1"	1.132
17	41276039	41276040	"PF13920"	183	7	"BRCA1"	1.256
17	41276039	41276040	"PF13923"	261	3	"BRCA1"	1.152
17	41276040	41276041	"PF00097"	220	2	"BRCA1"	1.191
17	41276040	41276041	"PF13445"	207	2	"BRCA1"	1.132
17	41276040	41276041	"PF13920"	183	7	"BRCA1"	1.256
17	41276040	41276041	"PF13923"	261	3	"BRCA1"	1.152
17	41276041	41276042	"PF00097"	220	1	"BRCA1"	0.774
17	41276041	41276042	"PF13445"	207	1	"BRCA1"	0.884
17	41276041	41276042	"PF13920"	183	5	"BRCA1"	0.712
17	41276041	41276042	"PF13923"	261	2	"BRCA1"	0.762
17	41276042	41276043	"PF00097"	220	1	"BRCA1"	0.774
17	41276042	41276043	"PF13445"	207	1	"BRCA1"	0.884
17	41276042	41276043	"PF13920"	183	5	"BRCA1"	0.712
17	41276042	41276043	"PF13923"	261	2	"BRCA1"	0.762
17	41276043	41276044	"PF00097"	220	1	"BRCA1"	0.774
17	41276043	41276044	"PF13445"	207	1	"BRCA1"	0.884
17	41276043	41276044	"PF13920"	183	5	"BRCA1"	0.712
17	41276043	41276044	"PF13923"	261	2	"BRCA1"	0.762
17	41276044	41276045	"PF13920"	183	4	"BRCA1"	1.316
17	41276044	41276045	"PF13923"	261	1	"BRCA1"	1.195
17	41276045	41276046	"PF13920"	183	4	"BRCA1"	1.316
17	41276045	41276046	"PF13923"	261	1	"BRCA1"	1.195
17	41276046	41276047	"PF13920"	183	4	"BRCA1"	1.316
17	41276046	41276047	"PF13923"	261	1	"BRCA1"	1.195
17	41276047	41276048	"PF13920"	183	3	"BRCA1"	1.331
17	41276048	41276049	"PF13920"	183	3	"BRCA1"	1.331
17	41276049	41276050	"PF13920"	183	3	"BRCA1"	1.331
