"chrom"	"start"	"end"	"Uploaded_variation"	"Gene"	"gnomAD_AF"	"case_freq"	"hrc"
11	47353628	47353629	"11_47353629_C_T"	"MYBPC3"	NA	0.000158052789631737	1.077
11	47353639	47353640	"11_47353640_C_T"	"MYBPC3"	NA	0.000158052789631737	1.138
11	47353645	47353646	"11_47353646_C_A"	"MYBPC3"	NA	0.000158052789631737	1.122
11	47353665	47353666	"11_47353666_G_T"	"MYBPC3"	NA	0.000474158368895211	0.991
11	47353673	47353674	"11_47353674_C_G"	"MYBPC3"	NA	0.000158052789631737	0.973
11	47353685	47353686	"11_47353686_A_G"	"MYBPC3"	NA	0.000474158368895211	0.795
11	47353694	47353695	"11_47353695_C_T"	"MYBPC3"	3.2113e-05	0.000158052789631737	1.134
11	47353699	47353700	"11_47353700_A_G"	"MYBPC3"	NA	0.000158052789631737	1.141
11	47353708	47353709	"11_47353709_G_C"	"MYBPC3"	NA	0.000158052789631737	1.006
11	47353723	47353724	"11_47353724_A_G"	"MYBPC3"	NA	0.000158052789631737	0.909
11	47353760	47353761	"11_47353761_G_A"	"MYBPC3"	4.81502e-05	0.000158052789631737	1.141
11	47353794	47353795	"11_47353795_C_A"	"MYBPC3"	NA	0.000158052789631737	0.608
11	47353796	47353797	"11_47353797_A_G"	"MYBPC3"	NA	0.000474158368895211	0.608
11	47354129	47354130	"11_47354130_C_T"	"MYBPC3"	2.01387e-05	0.000158052789631737	1.105
11	47354130	47354131	"11_47354131_G_A"	"MYBPC3"	4.02625e-06	0.000316105579263474	1.105
11	47354138	47354139	"11_47354139_C_T"	"MYBPC3"	NA	0.000158052789631737	0.832
11	47354144	47354145	"11_47354145_A_G"	"MYBPC3"	NA	0.000316105579263474	0.95
11	47354159	47354160	"11_47354160_C_A"	"MYBPC3"	NA	0.000158052789631737	1.009
11	47354183	47354184	"11_47354184_A_C"	"MYBPC3"	NA	0.000316105579263474	1.035
11	47354192	47354193	"11_47354193_G_T"	"MYBPC3"	NA	0.000316105579263474	1.232
11	47354441	47354442	"11_47354442_C_G"	"MYBPC3"	NA	0.000316105579263474	1.179
11	47354481	47354482	"11_47354482_C_T"	"MYBPC3"	2.47641e-05	0.000158052789631737	1.148
11	47354484	47354485	"11_47354485_A_G"	"MYBPC3"	NA	0.000474158368895211	0.967
11	47354511	47354512	"11_47354512_C_T"	"MYBPC3"	1.24831e-05	0.000316105579263474	1.074
11	47354790	47354791	"11_47354791_G_A"	"MYBPC3"	2.42107e-05	0.000158052789631737	1.011
11	47354797	47354798	"11_47354798_C_A"	"MYBPC3"	3.94867e-05	0.000316105579263474	1.199
11	47354856	47354857	"11_47354857_C_G"	"MYBPC3"	NA	0.000158052789631737	1.262
11	47355160	47355161	"11_47355161_G_A"	"MYBPC3"	6.5987e-05	0.000158052789631737	1.158
11	47355199	47355200	"11_47355200_C_T"	"MYBPC3"	8.12044e-06	0.000316105579263474	1.167
11	47355232	47355233	"11_47355233_C_G"	"MYBPC3"	2.43236e-05	0.00110636952742216	1.201
11	47355232	47355233	"11_47355233_C_T"	"MYBPC3"	4.05393e-06	0.000316105579263474	1.201
11	47355233	47355234	"11_47355234_G_A"	"MYBPC3"	8.10189e-06	0.000474158368895211	1.201
11	47355278	47355279	"11_47355279_A_G"	"MYBPC3"	NA	0.000158052789631737	0.608
11	47355292	47355293	"11_47355293_C_T"	"MYBPC3"	5.51474e-05	0.000316105579263474	1.198
11	47355486	47355487	"11_47355487_G_A"	"MYBPC3"	6.72975e-05	0.000158052789631737	1.202
11	47356648	47356649	"11_47356649_G_A"	"MYBPC3"	4.09977e-06	0.000158052789631737	1.181
11	47356658	47356659	"11_47356659_G_T"	"MYBPC3"	NA	0.000158052789631737	1.016
11	47356663	47356664	"11_47356664_C_T"	"MYBPC3"	1.21632e-05	0.000316105579263474	1.038
11	47356714	47356715	"11_47356715_G_A"	"MYBPC3"	2.42354e-05	0.000158052789631737	1.195
11	47356732	47356733	"11_47356733_C_T"	"MYBPC3"	2.05646e-05	0.000158052789631737	1.189
11	47357449	47357450	"11_47357450_G_T"	"MYBPC3"	NA	0.000158052789631737	1.282
11	47357492	47357493	"11_47357493_C_T"	"MYBPC3"	3.1777e-05	0.000158052789631737	1.047
11	47358970	47358971	"11_47358971_C_T"	"MYBPC3"	4.12855e-06	0.00110636952742216	1.039
11	47358985	47358986	"11_47358986_C_A"	"MYBPC3"	NA	0.000158052789631737	1.04
11	47358993	47358994	"11_47358994_G_C"	"MYBPC3"	NA	0.000158052789631737	1.082
11	47359000	47359001	"11_47359001_G_C"	"MYBPC3"	8.08133e-06	0.000316105579263474	0.973
11	47359000	47359001	"11_47359001_G_T"	"MYBPC3"	NA	0.000632211158526948	0.973
11	47359010	47359011	"11_47359011_G_T"	"MYBPC3"	NA	0.000474158368895211	1.179
11	47359084	47359085	"11_47359085_C_T"	"MYBPC3"	2.00626e-05	0.000632211158526948	1.133
11	47359085	47359086	"11_47359086_G_A"	"MYBPC3"	4.01268e-06	0.000158052789631737	1.133
11	47359087	47359088	"11_47359088_A_G"	"MYBPC3"	4.0121e-06	0.000158052789631737	1.108
11	47359093	47359094	"11_47359094_C_T"	"MYBPC3"	1.20379e-05	0.000158052789631737	1.245
11	47359094	47359095	"11_47359095_G_A"	"MYBPC3"	4.01242e-06	0.000158052789631737	1.245
11	47359094	47359095	"11_47359095_G_C"	"MYBPC3"	NA	0.000474158368895211	1.245
11	47359108	47359109	"11_47359109_T_C"	"MYBPC3"	NA	0.000158052789631737	1.197
11	47359111	47359112	"11_47359112_T_C"	"MYBPC3"	NA	0.000316105579263474	1.151
11	47359114	47359115	"11_47359115_C_A"	"MYBPC3"	NA	0.000948316737790422	1.076
11	47359114	47359115	"11_47359115_C_T"	"MYBPC3"	4.81572e-05	0.00268689742373953	1.076
11	47359255	47359256	"11_47359256_C_T"	"MYBPC3"	3.14492e-05	0.000158052789631737	1.254
11	47359279	47359280	"11_47359280_A_G"	"MYBPC3"	NA	0.00268689742373953	0.552
11	47359297	47359298	"11_47359298_C_A"	"MYBPC3"	NA	0.000158052789631737	1.159
11	47359329	47359330	"11_47359330_G_C"	"MYBPC3"	NA	0.000158052789631737	1.023
11	47360076	47360077	"11_47360077_C_T"	"MYBPC3"	NA	0.000158052789631737	1.077
11	47360126	47360127	"11_47360127_A_T"	"MYBPC3"	NA	0.000158052789631737	0.854
11	47360144	47360145	"11_47360145_T_C"	"MYBPC3"	NA	0.000316105579263474	0.969
11	47360157	47360158	"11_47360158_C_A"	"MYBPC3"	4.01474e-06	0.000158052789631737	1.006
11	47360161	47360162	"11_47360162_C_A"	"MYBPC3"	NA	0.000158052789631737	1.167
11	47360168	47360169	"11_47360169_G_A"	"MYBPC3"	6.02506e-05	0.000158052789631737	1.022
11	47360199	47360200	"11_47360200_C_T"	"MYBPC3"	6.0519e-05	0.000316105579263474	1.16
11	47360208	47360209	"11_47360209_G_A"	"MYBPC3"	2.43163e-05	0.000158052789631737	1.194
11	47360944	47360945	"11_47360945_G_A"	"MYBPC3"	4.01336e-06	0.000158052789631737	1.444
11	47360945	47360946	"11_47360946_C_A"	"MYBPC3"	5.61947e-05	0.000158052789631737	1.444
11	47361212	47361213	"11_47361213_C_G"	"MYBPC3"	4.28101e-06	0.000158052789631737	1.073
11	47361238	47361239	"11_47361239_G_A"	"MYBPC3"	NA	0.000474158368895211	1.031
11	47361257	47361258	"11_47361258_C_T"	"MYBPC3"	4.01845e-06	0.000158052789631737	0.873
11	47362754	47362755	"11_47362755_C_T"	"MYBPC3"	1.33979e-05	0.00110636952742216	1.147
11	47362757	47362758	"11_47362758_C_G"	"MYBPC3"	3.14525e-05	0.000790263948158685	0.969
11	47362757	47362758	"11_47362758_C_T"	"MYBPC3"	1.34796e-05	0.000158052789631737	0.969
11	47362763	47362764	"11_47362764_G_A"	"MYBPC3"	9.17633e-05	0.000158052789631737	1.162
11	47362771	47362772	"11_47362772_T_C"	"MYBPC3"	5.64462e-05	0.000158052789631737	1.19
11	47362776	47362777	"11_47362777_A_C"	"MYBPC3"	1.42416e-05	0.000316105579263474	0.938
11	47362777	47362778	"11_47362778_A_G"	"MYBPC3"	NA	0.000158052789631737	0.938
11	47363541	47363542	"11_47363542_C_T"	"MYBPC3"	2.99609e-05	0.000948316737790422	1.136
11	47363542	47363543	"11_47363543_G_A"	"MYBPC3"	2.96891e-05	0.000632211158526948	1.136
11	47363548	47363549	"11_47363549_T_C"	"MYBPC3"	NA	0.000316105579263474	1.105
11	47363565	47363566	"11_47363566_C_T"	"MYBPC3"	1.01829e-05	0.000158052789631737	1.194
11	47363566	47363567	"11_47363567_G_A"	"MYBPC3"	9.97287e-06	0.000158052789631737	1.194
11	47363566	47363567	"11_47363567_G_C"	"MYBPC3"	NA	0.0012644223170539	1.194
11	47363610	47363611	"11_47363611_C_T"	"MYBPC3"	6.89577e-05	0.000158052789631737	1.286
11	47363611	47363612	"11_47363612_G_A"	"MYBPC3"	5.26849e-05	0.000158052789631737	1.286
11	47363635	47363636	"11_47363636_A_G"	"MYBPC3"	NA	0.000474158368895211	0.873
11	47363646	47363647	"11_47363647_G_A"	"MYBPC3"	4.01674e-06	0.000158052789631737	1.112
11	47363647	47363648	"11_47363648_C_T"	"MYBPC3"	NA	0.000158052789631737	1.112
11	47364172	47364173	"11_47364173_A_G"	"MYBPC3"	8.04764e-06	0.000316105579263474	0.854
11	47364178	47364179	"11_47364179_T_G"	"MYBPC3"	NA	0.000158052789631737	0.795
11	47364184	47364185	"11_47364185_C_A"	"MYBPC3"	NA	0.000474158368895211	0.87
11	47364243	47364244	"11_47364244_G_C"	"MYBPC3"	NA	0.000316105579263474	1.137
11	47364247	47364248	"11_47364248_C_T"	"MYBPC3"	NA	0.00695432274379643	1.201
11	47364248	47364249	"11_47364249_G_A"	"MYBPC3"	4.0122e-05	0.0115378536431168	1.201
11	47364251	47364252	"11_47364252_A_G"	"MYBPC3"	NA	0.000158052789631737	1.016
11	47364268	47364269	"11_47364269_C_T"	"MYBPC3"	2.40782e-05	0.00521574205784732	1.263
11	47364269	47364270	"11_47364270_G_A"	"MYBPC3"	NA	0.000474158368895211	1.263
11	47364269	47364270	"11_47364270_G_C"	"MYBPC3"	4.01274e-06	0.00189663347558084	1.263
11	47364381	47364382	"11_47364382_A_C"	"MYBPC3"	NA	0.000474158368895211	0.608
11	47364419	47364420	"11_47364420_A_G"	"MYBPC3"	NA	0.000158052789631737	0.95
11	47364429	47364430	"11_47364430_G_A"	"MYBPC3"	NA	0.000474158368895211	1.22
11	47364628	47364629	"11_47364629_C_T"	"MYBPC3"	2.45755e-05	0.000316105579263474	0.887
11	47364675	47364676	"11_47364676_C_T"	"MYBPC3"	NA	0.000158052789631737	1.109
11	47364684	47364685	"11_47364685_T_C"	"MYBPC3"	NA	0.000158052789631737	1.201
11	47365112	47365113	"11_47365113_C_T"	"MYBPC3"	1.2196e-05	0.000158052789631737	0.873
11	47365153	47365154	"11_47365154_G_C"	"MYBPC3"	NA	0.00173858068594911	1.215
11	47369990	47369991	"11_47369991_G_T"	"MYBPC3"	NA	0.000158052789631737	1.138
11	47370036	47370037	"11_47370037_T_G"	"MYBPC3"	NA	0.000158052789631737	0.795
11	47370087	47370088	"11_47370088_T_C"	"MYBPC3"	2.04713e-05	0.000158052789631737	1.136
11	47370091	47370092	"11_47370092_C_G"	"MYBPC3"	NA	0.00142247510668563	1.283
11	47371329	47371330	"11_47371330_T_G"	"MYBPC3"	NA	0.000158052789631737	1.627
11	47371342	47371343	"11_47371343_G_C"	"MYBPC3"	NA	0.000316105579263474	1.105
11	47371446	47371447	"11_47371447_C_T"	"MYBPC3"	NA	0.000158052789631737	0.979
11	47371449	47371450	"11_47371450_G_A"	"MYBPC3"	6.84551e-05	0.000316105579263474	1.173
11	47371460	47371461	"11_47371461_G_T"	"MYBPC3"	NA	0.000158052789631737	1.164
11	47371572	47371573	"11_47371573_A_C"	"MYBPC3"	NA	0.000158052789631737	1.12
11	47371576	47371577	"11_47371577_C_G"	"MYBPC3"	NA	0.000158052789631737	1.15
11	47371588	47371589	"11_47371589_G_A"	"MYBPC3"	5.81112e-06	0.00142247510668563	1.073
11	47371588	47371589	"11_47371589_G_T"	"MYBPC3"	5.81112e-06	0.000158052789631737	1.073
11	47371591	47371592	"11_47371592_G_C"	"MYBPC3"	NA	0.000158052789631737	1.205
11	47372858	47372859	"11_47372859_C_T"	"MYBPC3"	1.52181e-05	0.000790263948158685	0.969
11	47372906	47372907	"11_47372907_T_C"	"MYBPC3"	NA	0.000158052789631737	1.137
11	47372948	47372949	"11_47372949_C_T"	"MYBPC3"	2.07717e-05	0.000158052789631737	1.073
11	47372977	47372978	"11_47372978_C_T"	"MYBPC3"	6.63757e-05	0.000474158368895211	0.935
11	47372978	47372979	"11_47372979_G_A"	"MYBPC3"	2.48959e-05	0.000316105579263474	0.935
12	111353562	111353563	"12_111353563_C_T"	"MYL2"	NA	0.000316105579263474	0.928
12	111353568	111353569	"12_111353569_C_T"	"MYL2"	NA	0.000316105579263474	1.108
12	112910826	112910827	"12_112910827_A_G"	"PTPN11"	NA	0.000316105579263474	1.289
12	112915525	112915526	"12_112915526_A_G"	"PTPN11"	0.000497136	0.000158052789631737	1.09
14	23894615	23894616	"14_23894616_C_G"	"MYH7"	NA	0.000158052789631737	1.197
14	23894617	23894618	"14_23894618_T_G"	"MYH7"	NA	0.000158052789631737	1.197
14	23894622	23894623	"14_23894623_A_T"	"MYH7"	NA	0.000158052789631737	1.256
14	23894626	23894627	"14_23894627_C_T"	"MYH7"	NA	0.000158052789631737	1.283
14	23894946	23894947	"14_23894947_G_A"	"MYH7"	NA	0.000158052789631737	1.738
14	23894947	23894948	"14_23894948_A_T"	"MYH7"	NA	0.000158052789631737	1.738
14	23894964	23894965	"14_23894965_G_T"	"MYH7"	NA	0.000474158368895211	1.303
14	23894965	23894966	"14_23894966_C_T"	"MYH7"	3.98124e-06	0.000158052789631737	1.303
14	23894968	23894969	"14_23894969_C_A"	"MYH7"	NA	0.00158052789631737	1.164
14	23894968	23894969	"14_23894969_C_G"	"MYH7"	NA	0.0012644223170539	1.164
14	23894968	23894969	"14_23894969_C_T"	"MYH7"	NA	0.000948316737790422	1.164
14	23894976	23894977	"14_23894977_C_G"	"MYH7"	NA	0.000158052789631737	1.51
14	23894982	23894983	"14_23894983_A_G"	"MYH7"	NA	0.00158052789631737	1.458
14	23894983	23894984	"14_23894984_T_C"	"MYH7"	7.96223e-06	0.000158052789631737	1.458
14	23894988	23894989	"14_23894989_T_G"	"MYH7"	NA	0.000158052789631737	1.73
14	23894991	23894992	"14_23894992_C_T"	"MYH7"	NA	0.000316105579263474	1.796
14	23894998	23894999	"14_23894999_G_A"	"MYH7"	NA	0.000790263948158685	1.311
14	23894998	23894999	"14_23894999_G_C"	"MYH7"	NA	0.000158052789631737	1.311
14	23894999	23895000	"14_23895000_G_C"	"MYH7"	NA	0.000158052789631737	1.466
14	23895006	23895007	"14_23895007_G_A"	"MYH7"	0.000155263	0.000158052789631737	1.336
14	23895011	23895012	"14_23895012_G_T"	"MYH7"	NA	0.000158052789631737	1.625
14	23895022	23895023	"14_23895023_G_A"	"MYH7"	1.1942e-05	0.00395131974079342	1.483
14	23895022	23895023	"14_23895023_G_C"	"MYH7"	NA	0.000790263948158685	1.483
14	23895178	23895179	"14_23895179_C_G"	"MYH7"	NA	0.000316105579263474	1.337
14	23895178	23895179	"14_23895179_C_T"	"MYH7"	NA	0.00331910858226648	1.337
14	23895179	23895180	"14_23895180_G_A"	"MYH7"	NA	0.00142247510668563	1.337
14	23895181	23895182	"14_23895182_A_C"	"MYH7"	NA	0.000316105579263474	1.187
14	23895188	23895189	"14_23895189_C_T"	"MYH7"	NA	0.00221273905484432	1.24
14	23895193	23895194	"14_23895194_A_G"	"MYH7"	NA	0.000316105579263474	1.311
14	23895205	23895206	"14_23895206_G_T"	"MYH7"	NA	0.000474158368895211	0.909
14	23895211	23895212	"14_23895212_C_G"	"MYH7"	NA	0.000316105579263474	1.203
14	23895230	23895231	"14_23895231_T_C"	"MYH7"	NA	0.000316105579263474	1.068
14	23895235	23895236	"14_23895236_T_G"	"MYH7"	NA	0.000158052789631737	1.079
14	23895241	23895242	"14_23895242_A_G"	"MYH7"	NA	0.000316105579263474	1.244
14	23895247	23895248	"14_23895248_T_C"	"MYH7"	NA	0.000158052789631737	1.624
14	23895253	23895254	"14_23895254_C_T"	"MYH7"	3.9782e-06	0.000158052789631737	1.302
14	23895254	23895255	"14_23895255_G_A"	"MYH7"	1.98919e-05	0.00158052789631737	1.302
14	23895265	23895266	"14_23895266_A_C"	"MYH7"	NA	0.000158052789631737	1.077
14	23895265	23895266	"14_23895266_A_G"	"MYH7"	NA	0.000316105579263474	1.077
14	23896018	23896019	"14_23896019_G_A"	"MYH7"	NA	0.000632211158526948	1.218
14	23896041	23896042	"14_23896042_C_T"	"MYH7"	7.95292e-06	0.00679626995416469	1.455
14	23896042	23896043	"14_23896043_G_A"	"MYH7"	NA	0.00474158368895211	1.455
14	23896450	23896451	"14_23896451_T_C"	"MYH7"	3.97785e-06	0.00173858068594911	1.675
14	23896498	23896499	"14_23896499_C_T"	"MYH7"	NA	0.000158052789631737	1.721
14	23896513	23896514	"14_23896514_T_G"	"MYH7"	NA	0.000158052789631737	1.593
14	23896810	23896811	"14_23896811_T_C"	"MYH7"	NA	0.000316105579263474	1.497
14	23896855	23896856	"14_23896856_T_C"	"MYH7"	NA	0.000158052789631737	1.309
14	23896861	23896862	"14_23896862_C_T"	"MYH7"	NA	0.000632211158526948	1.434
14	23896865	23896866	"14_23896866_C_T"	"MYH7"	3.97652e-06	0.00347716137189821	1.238
14	23896874	23896875	"14_23896875_C_T"	"MYH7"	7.95273e-06	0.000158052789631737	1.029
14	23896880	23896881	"14_23896881_G_A"	"MYH7"	NA	0.000158052789631737	1.681
14	23896922	23896923	"14_23896923_C_G"	"MYH7"	NA	0.000316105579263474	1.374
14	23896922	23896923	"14_23896923_C_T"	"MYH7"	NA	0.000158052789631737	1.374
14	23896928	23896929	"14_23896929_T_A"	"MYH7"	NA	0.000158052789631737	1.548
14	23896931	23896932	"14_23896932_C_G"	"MYH7"	3.9763e-06	0.00316105579263474	1.072
14	23896931	23896932	"14_23896932_C_T"	"MYH7"	NA	0.000790263948158685	1.072
14	23896939	23896940	"14_23896940_T_C"	"MYH7"	NA	0.000632211158526948	1.149
14	23896954	23896955	"14_23896955_T_C"	"MYH7"	1.5905e-05	0.00158052789631737	1.062
14	23896970	23896971	"14_23896971_C_G"	"MYH7"	NA	0.000474158368895211	1.503
14	23897048	23897049	"14_23897049_C_T"	"MYH7"	7.95437e-06	0.000158052789631737	1.327
14	23897066	23897067	"14_23897067_T_G"	"MYH7"	NA	0.000316105579263474	1.524
14	23897093	23897094	"14_23897094_T_C"	"MYH7"	3.98048e-06	0.000316105579263474	0.935
14	23897102	23897103	"14_23897103_G_A"	"MYH7"	NA	0.000158052789631737	1.39
14	23897754	23897755	"14_23897755_A_G"	"MYH7"	NA	0.000632211158526948	1.561
14	23897758	23897759	"14_23897759_A_G"	"MYH7"	NA	0.000158052789631737	1.784
14	23897795	23897796	"14_23897796_C_A"	"MYH7"	7.95267e-06	0.0012644223170539	1.11
14	23897807	23897808	"14_23897808_C_G"	"MYH7"	NA	0.000158052789631737	1.089
14	23897809	23897810	"14_23897810_T_A"	"MYH7"	NA	0.000158052789631737	1.089
14	23897809	23897810	"14_23897810_T_C"	"MYH7"	NA	0.000316105579263474	1.089
14	23897822	23897823	"14_23897823_G_T"	"MYH7"	NA	0.000158052789631737	1.206
14	23897839	23897840	"14_23897840_C_T"	"MYH7"	3.97678e-06	0.000158052789631737	1.162
14	23897850	23897851	"14_23897851_T_C"	"MYH7"	NA	0.000158052789631737	1.321
14	23897853	23897854	"14_23897854_A_T"	"MYH7"	NA	0.000158052789631737	1.131
14	23898165	23898166	"14_23898166_C_T"	"MYH7"	1.19305e-05	0.000158052789631737	1.542
14	23898200	23898201	"14_23898201_A_G"	"MYH7"	3.9763e-06	0.000632211158526948	1.731
14	23898212	23898213	"14_23898213_C_T"	"MYH7"	NA	0.000474158368895211	1.107
14	23898213	23898214	"14_23898214_G_A"	"MYH7"	NA	0.00268689742373953	1.107
14	23898239	23898240	"14_23898240_T_C"	"MYH7"	NA	0.000316105579263474	1.514
14	23898246	23898247	"14_23898247_G_A"	"MYH7"	1.98813e-05	0.00142247510668563	1.319
14	23898279	23898280	"14_23898280_C_G"	"MYH7"	NA	0.000158052789631737	1.444
14	23898297	23898298	"14_23898298_C_T"	"MYH7"	NA	0.000158052789631737	1.249
14	23898466	23898467	"14_23898467_A_G"	"MYH7"	NA	0.000158052789631737	1.52
14	23898486	23898487	"14_23898487_C_T"	"MYH7"	NA	0.00395131974079342	1.033
14	23898487	23898488	"14_23898488_G_A"	"MYH7"	NA	0.000790263948158685	1.033
14	23898490	23898491	"14_23898491_G_A"	"MYH7"	NA	0.000158052789631737	1.135
14	23898501	23898502	"14_23898502_C_T"	"MYH7"	NA	0.000474158368895211	1.097
14	23899058	23899059	"14_23899059_C_T"	"MYH7"	NA	0.000632211158526948	1.351
14	23899108	23899109	"14_23899109_A_G"	"MYH7"	NA	0.000158052789631737	1.198
14	23899109	23899110	"14_23899110_C_T"	"MYH7"	NA	0.00221273905484432	1.198
14	23899118	23899119	"14_23899119_C_A"	"MYH7"	NA	0.000158052789631737	1.594
14	23899791	23899792	"14_23899792_C_G"	"MYH7"	8.75782e-05	0.00221273905484432	1.403
14	23899799	23899800	"14_23899800_A_T"	"MYH7"	NA	0.000948316737790422	1.602
14	23899803	23899804	"14_23899804_A_T"	"MYH7"	NA	0.000158052789631737	1.377
14	23899808	23899809	"14_23899809_A_T"	"MYH7"	NA	0.000158052789631737	1.909
14	23899809	23899810	"14_23899810_C_T"	"MYH7"	1.59146e-05	0.00158052789631737	1.909
14	23899814	23899815	"14_23899815_G_T"	"MYH7"	NA	0.000316105579263474	1.37
14	23899815	23899816	"14_23899816_T_G"	"MYH7"	NA	0.000474158368895211	1.37
14	23899817	23899818	"14_23899818_T_C"	"MYH7"	NA	0.000158052789631737	1.479
14	23899842	23899843	"14_23899843_C_T"	"MYH7"	1.59112e-05	0.000316105579263474	1.462
14	23899847	23899848	"14_23899848_G_T"	"MYH7"	NA	0.000158052789631737	1.553
14	23899858	23899859	"14_23899859_G_C"	"MYH7"	NA	0.000158052789631737	1.708
14	23900132	23900133	"14_23900133_G_A"	"MYH7"	NA	0.000632211158526948	1.742
14	23900174	23900175	"14_23900175_A_G"	"MYH7"	NA	0.000316105579263474	0.859
14	23900195	23900196	"14_23900196_T_C"	"MYH7"	NA	0.000632211158526948	0.948
14	23900628	23900629	"14_23900629_G_T"	"MYH7"	NA	0.000158052789631737	1.374
14	23900634	23900635	"14_23900635_A_G"	"MYH7"	3.97678e-06	0.00142247510668563	1.62
14	23900667	23900668	"14_23900668_A_C"	"MYH7"	NA	0.000158052789631737	1.272
14	23900676	23900677	"14_23900677_C_T"	"MYH7"	NA	0.00173858068594911	1.238
14	23900677	23900678	"14_23900678_G_C"	"MYH7"	NA	0.000158052789631737	1.238
14	23900682	23900683	"14_23900683_A_C"	"MYH7"	NA	0.000158052789631737	1.073
14	23900685	23900686	"14_23900686_T_C"	"MYH7"	NA	0.000158052789631737	1.068
14	23900798	23900799	"14_23900799_G_A"	"MYH7"	NA	0.000316105579263474	1.071
14	23900808	23900809	"14_23900809_G_C"	"MYH7"	NA	0.000158052789631737	1.701
14	23900810	23900811	"14_23900811_C_T"	"MYH7"	3.97621e-06	0.000474158368895211	1.701
14	23900815	23900816	"14_23900816_C_T"	"MYH7"	NA	0.000158052789631737	1.305
14	23900828	23900829	"14_23900829_C_A"	"MYH7"	NA	0.000474158368895211	0.734
14	23900848	23900849	"14_23900849_G_A"	"MYH7"	NA	0.00158052789631737	1.467
14	23900849	23900850	"14_23900850_C_T"	"MYH7"	NA	0.000158052789631737	1.467
14	23900861	23900862	"14_23900862_G_T"	"MYH7"	NA	0.000316105579263474	1.282
14	23900997	23900998	"14_23900998_C_T"	"MYH7"	1.59053e-05	0.0012644223170539	1.567
14	23900998	23900999	"14_23900999_G_A"	"MYH7"	1.9881e-05	0.000158052789631737	1.567
14	23901012	23901013	"14_23901013_G_A"	"MYH7"	NA	0.000316105579263474	1.305
14	23901048	23901049	"14_23901049_T_C"	"MYH7"	NA	0.000158052789631737	1.107
14	23901052	23901053	"14_23901053_C_T"	"MYH7"	NA	0.000158052789631737	0.986
14	23901070	23901071	"14_23901071_A_T"	"MYH7"	NA	0.000474158368895211	0.713
14	23901073	23901074	"14_23901074_C_T"	"MYH7"	NA	0.000158052789631737	1.249
14	23901687	23901688	"14_23901688_G_A"	"MYH7"	1.19293e-05	0.000158052789631737	0.912
14	23901706	23901707	"14_23901707_T_G"	"MYH7"	NA	0.000158052789631737	1.046
14	23901709	23901710	"14_23901710_C_T"	"MYH7"	NA	0.000474158368895211	1.542
14	23901710	23901711	"14_23901711_T_A"	"MYH7"	NA	0.000316105579263474	1.719
14	23901711	23901712	"14_23901712_C_T"	"MYH7"	NA	0.000158052789631737	1.719
14	23901712	23901713	"14_23901713_T_C"	"MYH7"	NA	0.000474158368895211	1.719
14	23901847	23901848	"14_23901848_C_T"	"MYH7"	NA	0.000158052789631737	1.663
14	23901911	23901912	"14_23901912_C_A"	"MYH7"	NA	0.000316105579263474	1.535
14	23901918	23901919	"14_23901919_C_T"	"MYH7"	NA	0.000158052789631737	1.508
14	23901921	23901922	"14_23901922_C_G"	"MYH7"	NA	0.000158052789631737	1.771
14	23901921	23901922	"14_23901922_C_T"	"MYH7"	3.97652e-06	0.00158052789631737	1.771
14	23901922	23901923	"14_23901923_G_A"	"MYH7"	2.78352e-05	0.000158052789631737	1.771
14	23901999	23902000	"14_23902000_T_A"	"MYH7"	5.17421e-05	0.000158052789631737	1.811
14	23902294	23902295	"14_23902295_A_G"	"MYH7"	3.9795e-06	0.000158052789631737	1.419
14	23902296	23902297	"14_23902297_A_G"	"MYH7"	3.9788e-06	0.000316105579263474	1.572
14	23902309	23902310	"14_23902310_C_A"	"MYH7"	3.97772e-06	0.000158052789631737	1.518
14	23902344	23902345	"14_23902345_T_A"	"MYH7"	NA	0.000158052789631737	1.332
14	23902780	23902781	"14_23902781_C_T"	"MYH7"	2.38626e-05	0.000158052789631737	1.855
14	23902807	23902808	"14_23902808_T_C"	"MYH7"	NA	0.000158052789631737	1.81
14	23902826	23902827	"14_23902827_C_T"	"MYH7"	4.77213e-05	0.000316105579263474	1.428
15	35082754	35082755	"15_35082755_A_T"	"ACTC1"	NA	0.000316105579263474	1.576
15	35083336	35083337	"15_35083337_G_A"	"ACTC1"	NA	0.000316105579263474	1.737
15	35083450	35083451	"15_35083451_A_G"	"ACTC1"	NA	0.000158052789631737	1.227
15	35083454	35083455	"15_35083455_T_A"	"ACTC1"	NA	0.000790263948158685	0.724
15	35083486	35083487	"15_35083487_G_A"	"ACTC1"	NA	0.000158052789631737	1.553
15	35084311	35084312	"15_35084312_G_C"	"ACTC1"	NA	0.000158052789631737	1.327
15	35084391	35084392	"15_35084392_G_A"	"ACTC1"	NA	0.000158052789631737	1.525
15	35084403	35084404	"15_35084404_G_A"	"ACTC1"	NA	0.000316105579263474	1.654
15	35084404	35084405	"15_35084405_C_T"	"ACTC1"	NA	0.000158052789631737	1.654
15	35084710	35084711	"15_35084711_C_T"	"ACTC1"	NA	0.000158052789631737	1.602
15	35085598	35085599	"15_35085599_C_T"	"ACTC1"	3.97627e-06	0.000158052789631737	1.438
15	35085606	35085607	"15_35085607_A_G"	"ACTC1"	NA	0.000158052789631737	1.8
15	35085618	35085619	"15_35085619_T_C"	"ACTC1"	3.9763e-06	0.000158052789631737	1.954
15	35085621	35085622	"15_35085622_T_C"	"ACTC1"	NA	0.000158052789631737	1.826
15	35085631	35085632	"15_35085632_G_A"	"ACTC1"	7.95254e-06	0.000158052789631737	1.137
15	35086940	35086941	"15_35086941_A_T"	"ACTC1"	NA	0.000158052789631737	1.373
15	35086978	35086979	"15_35086979_C_T"	"ACTC1"	NA	0.000158052789631737	0.887
15	35086981	35086982	"15_35086982_G_T"	"ACTC1"	3.19129e-05	0.000158052789631737	1.915
3	38601825	38601826	"3_38601826_C_T"	"SCN5A"	2.78343e-05	0.000158052789631737	0.769
3	38603946	38603947	"3_38603947_G_A"	"SCN5A"	0.000340282	0.000158052789631737	0.779
3	38603957	38603958	"3_38603958_G_A"	"SCN5A"	0.000177674	0.000158052789631737	0.86
3	38607957	38607958	"3_38607958_T_C"	"SCN5A"	NA	0.000158052789631737	0.726
3	38627528	38627529	"3_38627529_G_A"	"SCN5A"	NA	0.000158052789631737	0.718
3	38629012	38629013	"3_38629013_C_T"	"SCN5A"	2.00603e-05	0.000158052789631737	0.897
3	38651304	38651305	"3_38651305_G_A"	"SCN5A"	NA	0.000158052789631737	1.066
3	38651440	38651441	"3_38651441_C_T"	"SCN5A"	8.02671e-06	0.000158052789631737	0.669
3	38655289	38655290	"3_38655290_G_A"	"SCN5A"	NA	0.000316105579263474	0.812
3	38663936	38663937	"3_38663937_C_T"	"SCN5A"	0.000121805	0.000158052789631737	1.145
7	151262814	151262815	"7_151262815_C_T"	"PRKAG2"	3.18114e-05	0.000158052789631737	1.382
7	151262828	151262829	"7_151262829_G_A"	"PRKAG2"	NA	0.000158052789631737	0.786
